3.461000000000000187e-02 3.647000000000000242e-01 8.075999999999999845e-02 4.050900000000000056e-01
1.292000000000000093e-01 3.084000000000000075e-01 2.015000000000000124e-01 3.830600000000000116e-01
1.700000000000000122e-01 2.141000000000000125e-01 2.353800000000000059e-01 3.155999999999999917e-01
7.752999999999999892e-01 6.854000000000000092e-01 8.975999999999999535e-01 7.771900000000000475e-01
0.000000000000000000e+00 1.272000000000000075e-01 6.230000000000000121e-02 1.969600000000000239e-01
4.769000000000000322e-02 1.161999999999999977e-01 1.599899999999999933e-01 1.994299999999999962e-01
3.184000000000000163e-01 2.680000000000000160e-01 4.199000000000000510e-01 3.597899999999999987e-01
3.899000000000000243e-01 5.140000000000000124e-01 5.237000000000000544e-01 6.425000000000000711e-01
0.000000000000000000e+00 1.884000000000000119e-01 7.384000000000000286e-02 2.850900000000000101e-01
7.215000000000000302e-01 1.884000000000000119e-01 8.222000000000000419e-01 3.094999999999999973e-01
5.592000000000000304e-01 1.542000000000000037e-01 7.876000000000000778e-01 3.119999999999999996e-01
5.222999999999999865e-01 6.975999999999999979e-01 8.075999999999999845e-01 8.799000000000000155e-01
1.700000000000000122e-01 1.640000000000000069e-01 3.045999999999999819e-01 3.647000000000000242e-01
3.306999999999999940e-01 6.156000000000000361e-01 5.007000000000000339e-01 7.721999999999999975e-01
2.091999999999999971e-01 3.904000000000000248e-01 3.252999999999999781e-01 4.981000000000000427e-01
4.537999999999999812e-01 3.352999999999999869e-01 7.737000000000000544e-01 7.281999999999999584e-01
3.184000000000000163e-01 1.738000000000000100e-01 5.907000000000000028e-01 4.039000000000000368e-01
7.630000000000000115e-01 4.613999999999999768e-01 9.614000000000000323e-01 5.910999999999999588e-01
