7.645999999999999464e-01 4.586999999999999966e-01 9.613999999999999213e-01 5.912999999999999368e-01
5.272000000000000020e-01 6.879999999999999449e-01 8.844000000000000750e-01 8.790999999999999925e-01
5.520000000000000462e-01 1.567000000000000060e-01 8.180000000000000604e-01 3.452000000000000068e-01
3.261999999999999900e-01 1.724999999999999867e-01 5.947000000000000064e-01 4.026999999999999469e-01
2.111999999999999988e-01 3.870999999999999996e-01 3.235999999999999988e-01 4.945999999999999841e-01
4.345999999999999863e-01 3.186999999999999833e-01 8.042000000000000259e-01 7.451999999999999735e-01
7.806999999999999496e-01 6.831000000000000405e-01 8.936999999999999389e-01 7.749300000000000077e-01
5.011000000000000176e-02 1.100000000000000006e-01 1.685099999999999931e-01 1.886599999999999944e-01
1.706999999999999906e-01 1.656999999999999862e-01 3.010999999999999788e-01 3.530999999999999694e-01
3.342999999999999861e-01 6.132999999999999563e-01 4.955999999999999850e-01 7.667999999999999261e-01
5.859000000000000319e-02 1.096000000000000030e-01 1.680900000000000172e-01 1.534800000000000053e-01
8.779000000000000345e-03 1.092999999999999944e-01 1.637790000000000079e-01 2.067299999999999971e-01
1.789000000000000035e-01 1.666999999999999871e-01 2.773100000000000009e-01 2.707999999999999852e-01
3.341000000000000081e-01 1.990000000000000102e-01 6.674999999999999822e-01 6.729000000000000536e-01
3.249000000000000221e-01 1.715000000000000135e-01 6.191999999999999726e-01 5.309000000000000385e-01
